32
start
61816478062542144004178726170604
41832701087047277333981364870044
13193493902431130307457637358884
04607155338830278855849263638024
00237832962773441350573426374664
73384362361980866527725286070604
84842358019564197164708313770044
74062859019871472548477965258884
38828712489411352051392560538024
08919713524637765338745382274664
40344871609490497296817291970604
10651811237634138190465867670044
40057591676088145767737248158884
14041757129390500582585862438024
72576423856018960057502793174664
40987523547392586661499701870604
13037159467822784826512366570044
35601634869565073919387526058884
03183901617355396343413619338024
08228241502930650417409609074664
67454542341851287732511266770604
49927018569008484707509860470044
98185931582260995144722359958884
21361802469179294984031961238024
54593079282717994013996560974664
11314682322597149554123726670604
13260343992592277838431819370044
00602129467936130352407687858884
59502803233380723305399268138024
03256461367278946300523426874664
89585020761930366077720731570604
61238330919014142669253363270044
47092210464326922048972960758884
25298707289461857551347560038024
95771411324637710383295837774664
02649115154490492291867241470604
28477638782139683190915862170044
31180706121588640767787248658884
40222592479340555582580317938024
18882451651013410502057743674664
94622932247897536611994706370604
86133735162877789376567366070044
80104217069010073414837071558884
72015879217850396398463669838024
40035737652480105967959604574664
96627135141356782782561266270604
70376463814058984257504315970044
86161109387710940649277309458884
75437331269624744484536966738024
51629034087767499513941560474664
61569565677597194509673271170604
48668683742592272833481869870044
67050168767431685352957682358884
49181416183880228305349268638024
56149531762228991300528971374664
85785226661935816522275781070604
38555035864519192619758368770044
15350224364371927598927960258884
35040169734916857056897015538024
22240143829132710338245887274664
15380863459940947741317246970604
41816289587634188140965862670044
27529240921538140217782793158884
49652130179890500087035367438024
21892496806568960002552748174664
05038585047847031111949706870604
17351471962877734321017811570044
48047371314010078419887021058884
42837292962355841398913664338024
57588348307980600967909604074664
64020118691306737782566711770604
54060251819053434702059365470044
72460132887215990699772304958884
06117913764679749934581966238024
80160633087212499018491015974664
56055051677092194554623221670604
08659139292042727383931864370044
32007753767936180302907682858884
94118401638830728855344713138024
82125161767778946805073921874664
13655119661480366022770786570604
31601652869569697119703368270044
21561321819371972543477415758884
88464447784916852051847065038024
01218506329637265338795882774664
41721670909440442741367246470604
52383311582684133140960317170044
89107842421533690762237743658884
32333413624395550037530362938024
35992804306513965552507748674664
15686387592392031616499251370604
24464903467372734376067861070044
93580823819560523969337026558884
83052485167850346348963664838024
09769422507930100417904159574664
29456156791856782287011761270604
09234030464508984202554360970044
21870707487265495199727304458884
51571873364679794989031411738024
24465799132212494013441065474664
